      0/49     12.6G   0.05846  0.008545   0.01075   0.07776        65       640   0.03573   0.06745  0.008928  0.001312    0.1142   0.03541   0.01938
      1/49       13G   0.04545  0.006724  0.007485   0.05966        98       640    0.1486    0.2032    0.0721   0.01502     0.108    0.0396   0.02084
      2/49       13G   0.04966   0.00607  0.007747   0.06348       106       640    0.3063    0.2863    0.1553   0.03176    0.1088   0.03771   0.02323
      3/49     13.1G   0.05149  0.006028  0.009903   0.06742        98       640    0.2057    0.3059    0.1212   0.02873    0.1042   0.04082   0.02971
      4/49     13.1G   0.04985  0.005855  0.009459   0.06516        77       640    0.3277    0.4027    0.3182    0.1099   0.09323   0.04365   0.03054
      5/49     13.1G   0.04914  0.005778  0.007739   0.06266        85       640    0.4502    0.5314    0.3997    0.1558   0.09095    0.0437   0.02828
      6/49     13.1G   0.04758  0.005736  0.006688   0.06001        87       640    0.4251    0.5579    0.4068     0.158   0.09197   0.04185   0.03159
      7/49     13.1G   0.04669  0.005862  0.006067   0.05862        92       640    0.5618    0.5776    0.4934    0.2125   0.08717   0.04511   0.02669
      8/49     13.1G   0.04501  0.006026  0.005095   0.05613        91       640    0.5784    0.5659    0.5328    0.2303   0.08514   0.04613   0.02733
      9/49     13.1G   0.04397  0.006063  0.004315   0.05434        84       640    0.5623    0.5702    0.5401    0.2453   0.08188    0.0494   0.02686
     10/49     13.1G   0.04324  0.005841  0.003751   0.05283        74       640     0.529    0.5644    0.5585    0.2605   0.08726   0.04534   0.02444
     11/49     13.1G   0.04246  0.005865  0.003176    0.0515        83       640    0.6224    0.5844    0.5755    0.2738   0.08315   0.04809    0.0241
     12/49     13.1G   0.04173  0.005946  0.002533   0.05021       103       640    0.6406    0.5602    0.5777     0.275    0.0831    0.0469   0.02425
     13/49     13.1G   0.04077  0.005876  0.002286   0.04893        90       640    0.6567    0.5904    0.6095    0.2957   0.08142    0.0478   0.02213
     14/49     13.1G   0.03928  0.005849  0.002007   0.04714        96       640     0.707    0.5831    0.6282     0.301   0.08017   0.04747   0.02296
     15/49     13.1G   0.03903  0.005701   0.00172   0.04646        88       640    0.6984    0.6115    0.6369    0.3041    0.0821   0.04642    0.0214
     16/49     13.1G   0.03802  0.005613  0.001403   0.04504        80       640    0.6724    0.6464    0.6345    0.3014      0.08   0.04695   0.01882
     17/49     13.1G   0.03712  0.005651  0.001335    0.0441        87       640    0.6782    0.6704    0.6453    0.3051   0.08079    0.0456   0.02028
     18/49     13.1G   0.03643  0.005581  0.001197   0.04321        57       640    0.6986    0.6761    0.6604    0.3075   0.08171   0.04636   0.02375
     19/49     13.1G   0.03603  0.005484  0.001073   0.04259       107       640    0.7171    0.6756    0.6747    0.3188   0.08005   0.04805    0.0169
     20/49     13.1G   0.03523  0.005498 0.0009468   0.04167        87       640     0.725    0.6853    0.6683    0.3153   0.08071   0.04793   0.01865
     21/49     13.1G   0.03456   0.00548 0.0008098   0.04085        80       640    0.7365    0.6871    0.6758    0.3187   0.08015    0.0471   0.01825
     22/49     13.1G   0.03477  0.005357  0.000773    0.0409        56       640    0.7381    0.6858    0.6778    0.3198   0.07896   0.04786   0.01731
     23/49     13.1G   0.03408  0.005334 0.0008201   0.04023        96       640    0.7334    0.7082    0.6923    0.3263    0.0792   0.04755    0.0166
     24/49     13.1G   0.03366  0.005388  0.000715   0.03976       105       640    0.7474    0.7041    0.6895    0.3294   0.08049   0.04689   0.01855
     25/49     13.1G   0.03357  0.005344 0.0006577   0.03958        75       640    0.7593    0.6983    0.6895    0.3306    0.0811   0.04618   0.02119
     26/49     13.1G    0.0333  0.005269 0.0006857   0.03925        72       640    0.7477    0.7088    0.6858     0.332   0.08027   0.04622   0.02123
     27/49     13.1G   0.03319  0.005182 0.0006443   0.03902        96       640    0.7404    0.7119    0.6861    0.3345   0.08024   0.04621   0.02185
     28/49     13.1G   0.03249  0.005126 0.0005546   0.03817       119       640    0.7509     0.702    0.6843    0.3348   0.07998   0.04643   0.02143
     29/49     13.1G   0.03168  0.005149   0.00047    0.0373        99       640    0.7506    0.7048    0.6855    0.3368   0.07968   0.04656   0.02083
     30/49     13.1G   0.03216   0.00516 0.0004801    0.0378        68       640    0.7524    0.7083    0.6875    0.3371   0.07956   0.04648   0.02011
     31/49     13.1G   0.03182  0.005079 0.0004145   0.03732        98       640    0.7564    0.7066    0.6867    0.3369   0.07944   0.04657   0.01941
     32/49     13.1G   0.03138  0.005035 0.0004261   0.03684        63       640    0.7547    0.7088    0.6859    0.3362   0.07942   0.04652     0.019
     33/49     13.1G   0.03144  0.005046 0.0003872   0.03688        65       640    0.7607    0.7068     0.688    0.3369   0.07929   0.04638    0.0186
     34/49     13.1G   0.03062  0.005029 0.0004529    0.0361        74       640    0.7602    0.7117    0.6907     0.338   0.07918   0.04632    0.0184
     35/49     13.1G   0.03022  0.004993 0.0003555   0.03557        88       640    0.7635    0.7141    0.6936    0.3402   0.07905   0.04629   0.01821
     36/49     13.1G   0.02951  0.004983  0.000336   0.03483        91       640    0.7658    0.7159    0.6967    0.3418   0.07904   0.04619   0.01823
     37/49     13.1G   0.02818  0.005036  0.000321   0.03354        87       640    0.7729    0.7128    0.6996     0.343   0.07909    0.0461   0.01838
     38/49     13.1G   0.02739  0.004992 0.0003546   0.03274        95       640    0.7783    0.7112    0.7021    0.3444   0.07907   0.04604   0.01836
     39/49     13.1G   0.02652  0.004923 0.0002999   0.03174       110       640    0.7808    0.7118    0.7043    0.3456   0.07905   0.04599   0.01833
     40/49     13.1G   0.02654  0.004902 0.0003252   0.03177        81       640    0.7687    0.7216    0.7059    0.3464     0.079   0.04598   0.01832
     41/49     13.1G   0.02586  0.004865 0.0002913   0.03101       110       640    0.7547    0.7332    0.7073     0.347   0.07892   0.04597   0.01827
     42/49     13.1G   0.02578  0.004852 0.0002786   0.03091        77       640    0.7534    0.7368    0.7092    0.3481   0.07887   0.04596   0.01827
     43/49     13.1G   0.02552  0.004819 0.0002404   0.03058        77       640    0.7618    0.7327    0.7116    0.3495   0.07881   0.04593   0.01829
     44/49     13.1G   0.02538  0.004783 0.0002649   0.03043        78       640    0.7576    0.7394    0.7135    0.3509   0.07875   0.04592   0.01829
     45/49     13.1G    0.0246  0.004759 0.0002367   0.02959        75       640    0.7559    0.7427     0.716    0.3522   0.07868    0.0459   0.01826
     46/49     12.8G   0.02438  0.004737 0.0002283   0.02934        65       640     0.757    0.7454    0.7187    0.3535   0.07861    0.0459   0.01824
     47/49     12.7G   0.02415  0.004687 0.0002071   0.02904        98       640    0.7616    0.7446    0.7209    0.3548   0.07852   0.04591   0.01823
     48/49     12.7G   0.02391  0.004662 0.0002173   0.02878       106       640    0.7612    0.7482    0.7234     0.356   0.07845   0.04594   0.01821
     49/49     12.7G   0.02395   0.00464 0.0001954   0.02879        98       640    0.7611    0.7518     0.726    0.3576   0.07838   0.04594   0.01819
