      0/49      2.2G   0.05978   0.00897   0.01205    0.0808        91       640   0.04619     0.135   0.02648  0.003899    0.1161   0.03911   0.01871
      1/49     15.3G   0.04626  0.006166  0.007063   0.05949        75       640   0.09728   0.09842   0.04628    0.0074    0.1254   0.03197   0.01763
      2/49     15.4G   0.04752  0.005562  0.005638   0.05872        74       640    0.4731     0.406    0.3246    0.0623    0.1099   0.03671   0.01797
      3/49     15.4G   0.04946   0.00546  0.006307   0.06123       109       640    0.4909    0.4796    0.3785   0.09585    0.1053   0.03462    0.0195
      4/49     15.4G   0.04992  0.005436  0.006477   0.06183        92       640     0.459    0.5299    0.4358    0.1504    0.1005    0.0388   0.02309
      5/49     15.4G   0.04854  0.005478  0.006131   0.06015       111       640     0.452    0.5289    0.4111     0.146   0.09876   0.04388   0.02204
      6/49     15.4G   0.04768  0.005449  0.005238   0.05837        82       640    0.5013    0.5015    0.4412    0.1828   0.09603     0.042   0.02102
      7/49     15.4G   0.04796   0.00534  0.005232   0.05854        80       640    0.6235    0.5564    0.5478    0.2318   0.09444   0.04378   0.01969
      8/49     15.4G   0.04596  0.005301  0.004399   0.05566       106       640      0.66    0.5569     0.534    0.2269   0.09596   0.04423   0.02099
      9/49     15.4G   0.04528  0.005395  0.004358   0.05503        90       640    0.6442    0.5739    0.5511    0.2372    0.0916     0.045   0.02099
     10/49     15.4G   0.04269  0.005372  0.003513   0.05157        96       640    0.6284    0.6086     0.553    0.2463   0.09026   0.04562   0.02093
     11/49     15.4G   0.04167  0.005344  0.003371   0.05039        87       640    0.6488    0.5837    0.5582    0.2551   0.08966    0.0477   0.02225
     12/49     15.4G   0.04189  0.005382   0.00301   0.05028        98       640    0.6522    0.6214    0.5816    0.2699   0.08824   0.04637   0.02254
     13/49     15.4G   0.04084  0.005279  0.002776   0.04889        75       640    0.6413    0.6118    0.5743    0.2652   0.08682   0.04733   0.02309
     14/49     15.4G   0.04001  0.005324  0.002373   0.04771       101       640    0.6461    0.6139    0.5733    0.2684   0.08632   0.04867   0.02238
     15/49     15.4G   0.03929  0.005315  0.001986   0.04659       107       640    0.6937    0.6379    0.5924     0.271   0.08797    0.0472   0.02152
     16/49     15.4G   0.03789  0.005316  0.001762   0.04497       111       640     0.711     0.652    0.6094    0.2901   0.08502   0.04763   0.01943
     17/49     15.4G   0.03775  0.005222  0.001631   0.04461        97       640    0.6963    0.6536    0.6116    0.2913   0.08468   0.04662   0.01957
     18/49     15.4G   0.03683  0.005223  0.001359   0.04342        96       640    0.7224    0.6454    0.6213    0.2974   0.08389   0.04701   0.01804
     19/49     15.4G   0.03582  0.005161  0.001325   0.04231        72       640    0.6925    0.6637    0.6296    0.3064   0.08423   0.04742   0.01637
     20/49     15.4G   0.03536  0.005117  0.001099   0.04157        83       640     0.703    0.6591    0.6293    0.2983   0.08525   0.04698   0.01539
     21/49     15.4G   0.03398  0.005087 0.0009288   0.03999        96       640    0.6824    0.6685    0.6279    0.3027   0.08516   0.04707   0.01479
     22/49     15.4G   0.03387  0.005079 0.0009086   0.03985       108       640    0.6939    0.6619    0.6286    0.3014   0.08435   0.04724   0.01456
     23/49     15.4G   0.03341   0.00501 0.0009119   0.03933        93       640    0.7094    0.6754    0.6516    0.3111   0.08301   0.04913   0.01425
     24/49     15.4G   0.03319  0.004968 0.0008734   0.03903       100       640    0.6926    0.6692    0.6331     0.302   0.08245   0.04877   0.01451
     25/49     15.4G   0.03252   0.00494 0.0007556   0.03821       136       640    0.6966    0.6735    0.6265    0.3034   0.08238   0.04876   0.01427
     26/49     15.4G   0.03166  0.004902 0.0007167   0.03728        94       640    0.7152    0.6842    0.6449    0.3134   0.08237   0.04905   0.01427
     27/49     15.4G   0.03143  0.004897 0.0006437   0.03697       101       640    0.7291    0.6836    0.6515    0.3175   0.08233   0.04917   0.01383
     28/49     15.4G   0.03104  0.004856  0.000533   0.03643        87       640    0.7352    0.6866    0.6581      0.32   0.08169   0.04934   0.01367
