      0/49     1.53G   0.05381  0.008186   0.01007   0.07206        24       640   0.03615    0.1806   0.01515  0.002302    0.1125   0.09723   0.04397
      1/49     5.57G   0.03933  0.006017  0.004308   0.04966        58       640    0.4008      0.46    0.3254   0.07412    0.1051   0.03099   0.01787
      2/49     5.82G   0.04073   0.00573  0.003923   0.05038        42       640    0.4695    0.5014    0.4186    0.1218   0.09812   0.03348   0.01818
      3/49     5.82G   0.04332  0.006004  0.004927   0.05425        33       640    0.6362    0.5304    0.5001    0.1844   0.09245   0.03364   0.01925
      4/49     5.82G   0.04275  0.005786  0.004429   0.05296        37       640    0.5763     0.513    0.4677    0.1835   0.09294   0.02965   0.02175
      5/49     5.82G    0.0415  0.005653    0.0035   0.05065        46       640    0.5844    0.5725    0.5182    0.2271   0.08971   0.03054   0.02201
      6/49     5.82G   0.04043   0.00568  0.003037   0.04915        27       640    0.5995    0.5443    0.4784    0.2105   0.08773   0.03062   0.02711
      7/49     5.82G   0.03936  0.005492  0.002526   0.04738        40       640    0.6039    0.5779    0.5284    0.2441   0.08786   0.03021   0.03206
      8/49     5.82G   0.03841  0.005382  0.001971   0.04577        43       640    0.5854    0.5986    0.5244    0.2451    0.0897   0.02896   0.02652
      9/49     5.82G   0.03616  0.005349  0.001733   0.04325        58       640    0.6294     0.616    0.5727    0.2742   0.08722   0.03083   0.02406
     10/49     5.82G   0.03488  0.005259  0.001558    0.0417        30       640    0.6329    0.6023    0.5683    0.2834   0.08633   0.03118   0.02405
     11/49     5.82G   0.03413  0.005169  0.001284   0.04058        27       640    0.6755    0.6339    0.6034    0.2921   0.08539   0.03201    0.0224
     12/49     5.82G   0.03407  0.005171  0.001295   0.04054        36       640    0.6764    0.6021    0.5825    0.2885   0.08589    0.0328   0.02208
     13/49     5.82G   0.03349  0.005105  0.001249   0.03984        46       640    0.6517    0.6401    0.5904    0.2895   0.08417   0.03265   0.02181
     14/49     5.82G   0.03209  0.005019 0.0009862   0.03809        28       640    0.6643    0.6241    0.5977    0.2935   0.08413   0.03319   0.02097
     15/49     5.82G   0.03192  0.004991 0.0009754   0.03788        44       640    0.6736    0.6331    0.6051    0.2958   0.08446   0.03396   0.01951
     16/49     5.82G   0.03075  0.004911 0.0008973   0.03655        31       640    0.6653    0.6425    0.6043    0.2971   0.08474   0.03438   0.01723
     17/49     5.82G   0.03065  0.004883 0.0007496   0.03629        27       640    0.6747    0.6551    0.6162    0.3001   0.08505    0.0348   0.01621
     18/49     5.82G   0.03086  0.004883 0.0007709   0.03652        37       640    0.6996    0.6543    0.6251    0.3043   0.08503   0.03461   0.01734
     19/49     5.82G   0.02944   0.00482 0.0006885   0.03495        32       640    0.7032    0.6447    0.6258     0.305   0.08294    0.0363   0.01507
     20/49     5.82G   0.02871  0.004738 0.0006634   0.03411        42       640    0.7077    0.6582    0.6373    0.3113   0.08253   0.03664   0.01343
     21/49     5.82G   0.02839  0.004708 0.0005659   0.03367        50       640    0.7256    0.6682    0.6493    0.3181   0.08219   0.03735   0.01348
     22/49     5.82G   0.02785  0.004688  0.000528   0.03306        27       640    0.7453    0.6667    0.6585    0.3189   0.08136   0.03763    0.0133
     23/49     5.82G   0.02807  0.004692 0.0005249   0.03329        37       640    0.7476    0.6786    0.6641    0.3222    0.0812   0.03809   0.01307
     24/49     5.82G    0.0276  0.004631 0.0004796   0.03271        37       640    0.7511    0.6839    0.6664    0.3252   0.08056   0.03832   0.01315
     25/49     5.82G   0.02732  0.004626  0.000487   0.03243        34       640    0.7684    0.6816    0.6705    0.3295   0.08009   0.03885   0.01347
     26/49     5.82G   0.02671  0.004531 0.0004072   0.03165        21       640    0.7698    0.6866    0.6756     0.332   0.07964   0.03917    0.0132
     27/49     5.82G    0.0266  0.004554 0.0003749   0.03153        27       640    0.7664    0.6925    0.6793    0.3331    0.0795   0.03934   0.01298
     28/49     5.82G   0.02624  0.004515 0.0003577   0.03111        36       640    0.7621    0.7085    0.6875    0.3377   0.07926   0.03942   0.01279
     29/49     5.82G   0.02582  0.004496 0.0003494   0.03067        48       640    0.7858    0.6961    0.6908    0.3396   0.07911   0.03973   0.01256
     30/49     5.82G   0.02553  0.004469 0.0003242   0.03032        53       640    0.7698     0.715    0.6939    0.3413   0.07905   0.03987    0.0124
     31/49     5.82G   0.02556  0.004441 0.0002944    0.0303        41       640    0.7797     0.718    0.6997    0.3447   0.07902   0.03994   0.01223
     32/49     5.82G   0.02543  0.004437 0.0003144   0.03018        31       640    0.7852    0.7219    0.7062     0.348   0.07884   0.04006   0.01206
     33/49     5.82G   0.02496   0.00439 0.0003052   0.02965        41       640    0.7865    0.7298    0.7119    0.3514    0.0787   0.04011   0.01193
     34/49     5.82G   0.02523  0.004399 0.0002934   0.02992        36       640    0.7924    0.7317     0.716    0.3534   0.07858   0.04018   0.01178
     35/49     5.82G   0.02476  0.004355 0.0002589   0.02937        34       640     0.805    0.7269    0.7193    0.3557   0.07846   0.04026    0.0117
     36/49     5.82G   0.02457   0.00433 0.0002399   0.02914        38       640    0.8092    0.7298    0.7226     0.357   0.07838   0.04035   0.01159
     37/49     5.82G   0.02425  0.004318 0.0002489   0.02881        44       640    0.8139    0.7321    0.7262    0.3587    0.0783   0.04041   0.01151
     38/49     5.82G   0.02402  0.004296 0.0002508   0.02857        39       640    0.8142    0.7373    0.7301    0.3604   0.07824   0.04047   0.01144
     39/49     5.82G   0.02398  0.004288 0.0002467   0.02852        45       640    0.8194    0.7382    0.7332    0.3622   0.07819   0.04054   0.01137
     40/49     5.82G   0.02368  0.004271 0.0002248   0.02818        32       640    0.8162    0.7443    0.7356    0.3638   0.07815   0.04062   0.01133
     41/49     5.82G   0.02372  0.004251 0.0002006   0.02817        46       640    0.8201    0.7426    0.7371    0.3647    0.0781   0.04068   0.01129
     42/49     5.82G   0.02316  0.004243 0.0002133   0.02761        29       640    0.8151    0.7484    0.7388    0.3658   0.07805   0.04071   0.01127
     43/49     5.82G   0.02311  0.004241 0.0001868   0.02754        42       640    0.8165    0.7499    0.7406     0.367   0.07799   0.04075   0.01125
     44/49     5.82G   0.02326   0.00423 0.0001957   0.02768        31       640     0.815    0.7539    0.7422    0.3681   0.07794   0.04077   0.01121
     45/49     5.82G   0.02288  0.004209 0.0001837   0.02727        47       640    0.8221    0.7508    0.7447    0.3694   0.07789   0.04078   0.01117
     46/49     5.82G   0.02272  0.004207 0.0001839   0.02711        40       640    0.8277    0.7483    0.7461    0.3705   0.07784   0.04078   0.01112
     47/49     5.82G   0.02236  0.004182 0.0001695   0.02671        49       640    0.8219    0.7552    0.7474    0.3713   0.07781   0.04079   0.01109
     48/49     5.82G   0.02221  0.004168 0.0001878   0.02656        37       640    0.8273     0.753    0.7489    0.3723   0.07775   0.04081   0.01104
     49/49     5.82G   0.02201  0.004161 0.0001666   0.02634        43       640    0.8268    0.7554    0.7502     0.373   0.07771   0.04081   0.01099
