     0/299     15.6G   0.05083  0.008266  0.009077   0.06817        50       640    0.2144    0.1615   0.05689   0.01514     0.131    0.1142    0.0776
     1/299     15.7G   0.04403  0.005912  0.005223   0.05517        50       640    0.1298   0.09863   0.08031   0.02691    0.1134   0.03133   0.03083
     2/299     15.7G   0.05452  0.006253  0.006956   0.06773        50       640    0.1073    0.1655   0.06655   0.01759    0.1122    0.0317   0.03298
     3/299     15.7G   0.05323  0.006629  0.008113   0.06797        50       640   0.09294    0.1245   0.05614   0.01473    0.1171   0.02444   0.08679
     4/299     15.7G   0.05135  0.005811  0.009356   0.06651        50       640    0.1186    0.1496   0.05485   0.01178    0.1155    0.0248   0.03693
     5/299     15.7G   0.05312  0.005807  0.008721   0.06765        50       640    0.1633     0.177   0.06242   0.01635     0.112   0.02828   0.08404
     6/299     15.7G   0.05171  0.005872  0.008201   0.06578        50       640    0.1621    0.2213    0.0983    0.0272    0.1046   0.03414   0.02878
     7/299     15.7G   0.04959  0.005774  0.007595   0.06295        50       640    0.2693    0.2212    0.1217   0.03141    0.1065   0.03119   0.02774
     8/299     15.7G   0.04907  0.005931  0.006638   0.06164        50       640    0.3123    0.2254    0.1806   0.04846    0.1058   0.02778   0.03499
     9/299     15.7G   0.05214  0.006228  0.007393   0.06576        50       640      0.28    0.2992    0.1741   0.05299    0.1039   0.03213   0.03241
    10/299     15.7G   0.05218  0.005858  0.008689   0.06673        50       640    0.2247    0.3095    0.1433   0.04451    0.1037   0.03025    0.0292
    11/299     15.7G   0.05032  0.006234  0.007278   0.06383        50       640    0.1857     0.285    0.1419    0.0399    0.1029   0.03353   0.03232
    12/299     15.7G   0.04999  0.005911  0.007181   0.06308        50       640    0.3746    0.2729    0.2159   0.06688    0.1026   0.03225    0.0291
    13/299     15.7G   0.05039  0.005959   0.00636   0.06271        50       640    0.2909    0.3018    0.2082   0.05996    0.1104   0.02783   0.02889
    14/299     15.7G   0.04918  0.006135  0.006795   0.06211        50       640    0.3235    0.2974      0.21   0.06637    0.1005   0.03479   0.03122
    15/299     15.7G   0.04894  0.005972  0.006336   0.06125        50       640    0.3094    0.3798    0.2273   0.07209    0.1045   0.03128   0.03181
    16/299     15.7G   0.04749  0.006371  0.005916   0.05978        50       640    0.2381    0.3698    0.2011   0.05668    0.1024   0.03414   0.03387
    17/299     15.7G    0.0461   0.00631  0.005534   0.05794        50       640    0.3167    0.3611    0.2279   0.07893    0.1009   0.03318   0.02922
    18/299     15.7G   0.04698  0.005864  0.005349    0.0582        50       640    0.2813    0.3374    0.1715   0.05227    0.1058   0.03181   0.04842
    19/299     15.7G   0.04741   0.00576  0.004899   0.05807        50       640    0.2651    0.3252    0.1634   0.05462    0.1025   0.03597   0.02983
    20/299     15.7G   0.04628  0.006188   0.00482   0.05729        50       640    0.3392     0.357     0.255   0.09392   0.09843   0.03673   0.02637
    21/299     15.7G   0.04705  0.006017  0.004722   0.05779        50       640    0.3447    0.3684    0.2108   0.06579   0.09971   0.03721   0.02851
    22/299     15.7G   0.04831   0.00597  0.005072   0.05935        50       640    0.3454    0.3066    0.2432   0.08159    0.1029   0.03346   0.02527
    23/299     15.7G    0.0455   0.00614  0.004446   0.05609        50       640    0.2887    0.3765    0.2589   0.09483   0.09885    0.0355   0.02788
    24/299     15.7G   0.04379  0.006243  0.004206   0.05424        50       640    0.3331    0.3839    0.2577   0.09974   0.09689     0.036   0.02826
    25/299     15.7G   0.04458  0.006075  0.004061   0.05472        50       640     0.329    0.3917    0.2544   0.09593   0.09677   0.03635   0.03056
    26/299     15.7G   0.04187  0.006199   0.00367   0.05174        50       640     0.335    0.3941    0.2588    0.1008   0.09645   0.03618   0.03208
    27/299     15.7G   0.04414  0.006175   0.00411   0.05443        50       640    0.3475    0.3909    0.2714     0.101   0.09726   0.03573   0.03211
    28/299     15.7G   0.04238  0.006228  0.003855   0.05246        50       640    0.3559    0.3837    0.2768    0.1066   0.09822   0.03469   0.03092
    29/299     15.7G   0.04129  0.006256  0.003368   0.05091        50       640    0.3989    0.3691    0.2882     0.116   0.09799   0.03442   0.02855
    30/299     15.7G   0.04045  0.006265  0.003361   0.05008        50       640    0.4065    0.3836    0.2953    0.1217   0.09767   0.03462   0.02823
    31/299     15.7G   0.04174  0.006262    0.0033    0.0513        50       640    0.3994    0.4039    0.3015    0.1256   0.09749   0.03424   0.02829
    32/299     15.7G   0.04053  0.006012  0.003124   0.04967        50       640    0.4125    0.4148    0.3092    0.1303   0.09709   0.03467   0.02838
    33/299     15.7G   0.04014  0.006332  0.002698   0.04917        50       640    0.4247    0.4166    0.3149    0.1339   0.09646   0.03522   0.02854
    34/299     15.7G   0.03973  0.006279  0.002415   0.04843        50       640    0.4348    0.4189    0.3198    0.1364   0.09604   0.03536   0.02908
    35/299     15.7G   0.04013  0.006038  0.002166   0.04833        50       640    0.4365     0.429    0.3233    0.1375   0.09577   0.03544   0.02917
    36/299     15.7G   0.04027  0.005878  0.001722   0.04787        50       640    0.4382    0.4356    0.3275    0.1391   0.09561   0.03553   0.02962
    37/299     15.7G   0.03916   0.00599  0.001938   0.04709        50       640    0.4273    0.4488    0.3315    0.1398   0.09558   0.03547   0.02994
    38/299     15.7G   0.03903  0.005976  0.001663   0.04666        50       640    0.4279    0.4509    0.3349    0.1409    0.0954   0.03533    0.0301
    39/299     15.7G   0.03838  0.006009  0.001526   0.04591        50       640    0.4309    0.4506    0.3392    0.1423    0.0953   0.03526   0.03029
    40/299     15.7G   0.03886  0.006035  0.001361   0.04626        50       640    0.4299    0.4535    0.3426    0.1439   0.09521   0.03524   0.03039
    41/299     15.7G   0.03829  0.005766  0.001482   0.04554        50       640    0.4258    0.4632    0.3463    0.1452   0.09514   0.03527   0.03065
    42/299     15.7G    0.0375  0.005859  0.001251   0.04461        50       640    0.4326    0.4589    0.3499    0.1459    0.0951   0.03529   0.03077
    43/299     15.7G    0.0375  0.005773  0.001188   0.04446        50       640    0.4297    0.4637    0.3519    0.1466   0.09505   0.03531   0.03092
    44/299     15.7G   0.03778  0.005788  0.001049   0.04462        50       640    0.4195    0.4753    0.3524    0.1473   0.09502   0.03527   0.03117
    45/299     15.7G   0.03619  0.005967   0.00102   0.04318        50       640    0.4209    0.4755    0.3541    0.1478   0.09499   0.03525   0.03129
    46/299     15.7G   0.03678  0.005789 0.0009958   0.04356        50       640    0.4246    0.4756    0.3565    0.1487   0.09494   0.03532   0.03135
    47/299     15.7G   0.03595  0.005796 0.0009713   0.04271        50       640     0.426    0.4764    0.3586    0.1494   0.09495   0.03519   0.03167
    48/299     15.7G   0.03595  0.005721 0.0009307    0.0426        50       640    0.4322      0.47    0.3604    0.1503   0.09493   0.03514   0.03207
    49/299     15.7G   0.03476  0.005694 0.0007074   0.04116        50       640     0.429    0.4761    0.3623    0.1505   0.09498     0.035   0.03255
    50/299     15.7G    0.0347  0.005695 0.0008575   0.04125        50       640     0.434    0.4718    0.3642    0.1512   0.09506   0.03498   0.03321
    51/299     15.7G   0.03476  0.005633 0.0007173   0.04111        50       640     0.436    0.4693    0.3652    0.1518   0.09512   0.03497   0.03378
    52/299     15.7G   0.03482  0.005701 0.0008158   0.04133        50       640    0.4357    0.4705    0.3666    0.1525   0.09523   0.03499   0.03434
    53/299     15.7G   0.03439  0.005624 0.0007945   0.04081        50       640    0.4334    0.4729    0.3677    0.1529   0.09534   0.03503   0.03504
    54/299     15.7G   0.03508  0.005603 0.0008717   0.04155        50       640    0.4425    0.4627     0.369    0.1531   0.09534    0.0351   0.03528
    55/299     15.7G   0.03467  0.005561 0.0006841   0.04092        50       640    0.4311     0.477    0.3698    0.1533   0.09534   0.03512   0.03532
    56/299     15.7G   0.03567  0.005561 0.0006532   0.04188        50       640    0.4526    0.4538    0.3701    0.1532   0.09541   0.03519   0.03566
    57/299     15.7G   0.03319  0.005695 0.0006649   0.03955        50       640    0.4604    0.4479    0.3716    0.1539   0.09551   0.03519   0.03604
    58/299     15.7G   0.03395  0.005352 0.0009266   0.04023        50       640    0.4638    0.4474    0.3725    0.1542   0.09563    0.0352   0.03651
    59/299     15.7G   0.03486  0.005471 0.0007055   0.04103        50       640    0.4665    0.4445     0.373    0.1543   0.09575   0.03524   0.03713
    60/299     15.7G   0.03422  0.005636 0.0007875   0.04064        50       640     0.458    0.4502    0.3754    0.1552   0.09518   0.03536   0.03344
    61/299     15.7G   0.03425   0.00554 0.0006572   0.04044        50       640    0.4594    0.4473    0.3765     0.155   0.09487   0.03545   0.03204
    62/299     15.7G   0.03454  0.005653 0.0007857   0.04098        50       640    0.4673    0.4394    0.3765    0.1541   0.09486   0.03555   0.03177
    63/299     15.7G   0.03412  0.005545 0.0006531   0.04032        50       640    0.4604    0.4449    0.3753    0.1527   0.09492   0.03567   0.03188
    64/299     15.7G   0.03434  0.005553 0.0006656   0.04056        50       640    0.4671    0.4375    0.3748    0.1521    0.0949   0.03575   0.03193
    65/299     15.7G   0.03454  0.005451 0.0005968   0.04059        50       640    0.4651    0.4403    0.3747    0.1517   0.09488    0.0359   0.03205
    66/299     15.7G   0.03463  0.005541 0.0007163   0.04088        50       640    0.4674    0.4383    0.3741    0.1517   0.09488   0.03604   0.03208
    67/299     15.7G   0.03471  0.005436 0.0006116   0.04075        50       640    0.4682    0.4387    0.3746    0.1521   0.09482   0.03625   0.03221
    68/299     15.7G   0.03357  0.005502 0.0004822   0.03955        50       640    0.4807    0.4279    0.3755    0.1515   0.09482   0.03644   0.03238
    69/299     15.7G   0.03235  0.005536 0.0007283   0.03862        50       640    0.4823    0.4275    0.3772    0.1522   0.09479   0.03649   0.03247
    70/299     15.7G   0.03257  0.005451 0.0006605   0.03868        50       640    0.4832    0.4261    0.3774    0.1517    0.0948   0.03658   0.03248
    71/299     15.7G   0.03343  0.005377 0.0007389   0.03955        50       640    0.4875    0.4242    0.3785    0.1516   0.09482   0.03669   0.03238
    72/299     15.7G   0.03305  0.005482 0.0005982   0.03913        50       640    0.4911    0.4221    0.3791    0.1519    0.0948   0.03675   0.03217
    73/299     15.7G   0.03287  0.005326 0.0005383   0.03874        50       640     0.484    0.4271    0.3792    0.1515   0.09479   0.03683   0.03205
    74/299     15.7G   0.03262  0.005369  0.000482   0.03848        50       640    0.4836    0.4278    0.3785    0.1507   0.09481    0.0369   0.03199
    75/299     15.7G   0.03166  0.005362 0.0004396   0.03746        50       640    0.4859    0.4277    0.3801    0.1503   0.09481   0.03701   0.03201
    76/299     15.7G   0.03235  0.005312 0.0005052   0.03817        50       640    0.4672    0.4439    0.3803    0.1499   0.09485   0.03711   0.03216
    77/299     15.7G   0.03172  0.005371 0.0004394   0.03753        50       640    0.4699     0.441    0.3807    0.1497    0.0949   0.03718   0.03242
    78/299     15.7G   0.03194  0.005388 0.0003903   0.03772        50       640    0.4832    0.4303    0.3819    0.1495   0.09491   0.03726   0.03281
    79/299     15.7G   0.03148  0.005323  0.000366   0.03717        50       640    0.4807    0.4355     0.384    0.1498   0.09495   0.03731   0.03305
    80/299     15.7G   0.03097  0.005476 0.0003597    0.0368        50       640    0.4815    0.4381    0.3868    0.1497   0.09493   0.03736    0.0332
    81/299     15.7G   0.03102  0.005404 0.0003549   0.03678        50       640    0.4876    0.4356    0.3899      0.15   0.09489   0.03733   0.03318
    82/299     15.7G   0.03156  0.005312 0.0005585   0.03743        50       640    0.4877    0.4367     0.392    0.1494   0.09491   0.03734   0.03329
    83/299     15.7G   0.03155  0.005288 0.0005309   0.03737        50       640    0.4953     0.433    0.3938    0.1499   0.09492   0.03738    0.0338
    84/299     15.7G   0.03226  0.005421 0.0004409   0.03812        50       640    0.4779    0.4486    0.3972     0.151   0.09487   0.03745   0.03426
    85/299     15.7G   0.03162  0.005312 0.0003747   0.03731        50       640    0.4865     0.445    0.4002    0.1524   0.09483   0.03744   0.03471
    86/299     15.7G   0.03204  0.005262 0.0004227   0.03772        50       640    0.4898     0.446    0.4033    0.1543   0.09479   0.03746   0.03508
    87/299     15.7G   0.03209  0.005223  0.000359   0.03767        50       640    0.4883      0.45    0.4049    0.1554    0.0948   0.03751   0.03566
    88/299     15.7G   0.03078  0.005281 0.0004803   0.03654        50       640    0.4994    0.4451     0.407    0.1564   0.09482   0.03756   0.03623
    89/299     15.7G   0.03084  0.005264  0.000404    0.0365        50       640    0.5003    0.4464    0.4079    0.1569   0.09486   0.03757   0.03681
    90/299     15.7G   0.03034  0.005313 0.0003486     0.036        50       640    0.4939    0.4522    0.4081    0.1576   0.09487   0.03762   0.03742
    91/299     15.7G   0.03118   0.00533 0.0003015   0.03681        50       640    0.4933    0.4534    0.4082    0.1584   0.09484   0.03769   0.03778
    92/299     15.7G   0.03083  0.005088 0.0004375   0.03636        50       640    0.4931    0.4524    0.4072    0.1588   0.09482    0.0379    0.0384
    93/299     15.7G   0.03126  0.005222 0.0004132   0.03689        50       640    0.4913    0.4525    0.4057    0.1589   0.09482   0.03802   0.03877
    94/299     15.7G   0.03034  0.005114 0.0003646   0.03582        50       640     0.493    0.4514    0.4057    0.1597   0.09478   0.03809   0.03887
    95/299     15.7G   0.03118  0.005253 0.0003809   0.03682        50       640    0.4966    0.4489    0.4059    0.1601   0.09475   0.03813   0.03894
    96/299     15.7G   0.03079  0.005156 0.0003848   0.03633        50       640    0.4927    0.4497    0.4058      0.16    0.0947   0.03817   0.03898
    97/299     15.7G    0.0299  0.005203 0.0003908    0.0355        50       640    0.4873    0.4526    0.4055    0.1602   0.09474   0.03817   0.03951
    98/299     15.7G    0.0306  0.005273 0.0004137   0.03629        50       640    0.4895    0.4527     0.405    0.1601   0.09483   0.03814   0.04006
    99/299     15.7G   0.03011  0.005217 0.0003469   0.03567        50       640    0.4879    0.4537    0.4049    0.1602   0.09493   0.03807   0.04054
   100/299     15.7G    0.0297  0.005269 0.0003124   0.03528        50       640    0.4889    0.4525    0.4049    0.1605   0.09494   0.03808    0.0409
   101/299     15.7G   0.03022  0.005329 0.0003941   0.03594        50       640    0.4936    0.4497    0.4053    0.1601   0.09493   0.03807   0.04138
   102/299     15.7G   0.02928  0.005276 0.0003499   0.03491        50       640    0.4931    0.4498    0.4063    0.1608    0.0949   0.03805   0.04192
   103/299     15.7G   0.02998  0.005183  0.000369   0.03553        50       640    0.4955    0.4465    0.4067    0.1619   0.09483   0.03799    0.0423
   104/299     15.7G   0.02969  0.005116 0.0003072   0.03511        50       640    0.4779    0.4562     0.407    0.1619   0.09482   0.03805   0.04334
   105/299     15.7G   0.03005  0.005061 0.0003064   0.03541        50       640    0.4781    0.4561    0.4081    0.1629   0.09474   0.03818   0.04394
   106/299     15.7G   0.02982  0.005143 0.0003536   0.03532        50       640    0.4801    0.4538    0.4085    0.1636   0.09478   0.03826   0.04459
   107/299     15.7G   0.03012  0.005321  0.000479   0.03592        50       640    0.4788    0.4551    0.4092    0.1639    0.0948   0.03833   0.04483
