      0/99     15.5G   0.05454  0.008893   0.01051   0.07394        78       640    0.6413    0.1536    0.1729   0.05019    0.1034   0.03973   0.01993
      1/99     15.6G    0.0442  0.006387   0.00526   0.05585       106       640    0.1942    0.2494    0.1368   0.03231    0.1056   0.04148   0.01771
      2/99     15.6G    0.0468   0.00616  0.006013   0.05897        93       640    0.3172    0.3315    0.1945   0.03621    0.1027   0.04076   0.02298
      3/99     15.7G   0.05063  0.005977  0.008031   0.06464        81       640    0.5144    0.4401    0.3369   0.08988   0.09753   0.04176   0.02274
      4/99     15.7G   0.04949  0.005699   0.00733   0.06252        63       640    0.4795    0.4796    0.3854    0.1301   0.09661   0.03748   0.02215
      5/99     15.7G   0.04799  0.005774  0.006073   0.05983        81       640    0.4627     0.529    0.4108    0.1571   0.09163   0.03939   0.02244
      6/99     15.7G    0.0471   0.00583   0.00535   0.05828        76       640    0.4948     0.524      0.44     0.177   0.08836   0.04016    0.0208
      7/99     15.7G   0.04482  0.005783  0.004589    0.0552        66       640    0.5423    0.5524    0.4562    0.1822   0.09214   0.03727   0.02304
      8/99     15.7G   0.04365  0.005639  0.003892   0.05318       101       640    0.5761    0.5172    0.4889    0.2195   0.08879   0.03901   0.02201
      9/99     15.7G   0.04285  0.005673  0.003357   0.05188        80       640    0.6368    0.5601    0.5312    0.2264   0.08727   0.03811    0.0207
     10/99     15.7G     0.042  0.005692  0.003088   0.05078        78       640    0.6019    0.5854    0.5459      0.25   0.08408   0.04141   0.01973
     11/99     15.7G   0.04153  0.005634  0.003077   0.05024        86       640    0.6141    0.6004    0.5649    0.2645   0.08452   0.04111   0.02326
     12/99     15.7G   0.04035   0.00563  0.002532   0.04851        96       640     0.656     0.576    0.5696    0.2767   0.08321   0.04201    0.0216
     13/99     15.7G   0.03913   0.00567  0.002125   0.04692        99       640    0.6816     0.618     0.616    0.2968   0.08352   0.04033   0.01945
     14/99     15.7G   0.03927   0.00543  0.001858   0.04655       108       640    0.6465    0.6072    0.5734    0.2749   0.08379   0.04306    0.0234
     15/99     15.7G    0.0372  0.005548  0.001762    0.0445        85       640    0.6493    0.6317    0.5872    0.2802   0.08255   0.04407   0.02121
     16/99     15.7G    0.0371  0.005467  0.001592   0.04416        95       640    0.6728    0.6379    0.6244    0.2942   0.08336   0.04254   0.01816
     17/99     15.7G   0.03546  0.005413  0.001359   0.04224       100       640    0.6509    0.6421    0.6104    0.2885   0.08301   0.04306   0.02068
     18/99     15.7G   0.03531  0.005342  0.001262   0.04191        94       640    0.6773     0.661    0.6246    0.2905   0.08248   0.04345   0.01712
     19/99     15.7G    0.0346  0.005275  0.001226    0.0411        90       640    0.6596    0.6651    0.6254     0.295   0.08105   0.04492   0.01659
     20/99     15.7G   0.03368  0.005179 0.0009894   0.03985        86       640    0.6791    0.6685    0.6318    0.2982   0.08178   0.04361   0.01715
     21/99     15.7G   0.03305  0.005117  0.000912   0.03908        97       640    0.7078    0.6607    0.6364    0.3019   0.08156   0.04404    0.0171
     22/99     15.7G   0.03375  0.005147 0.0009352   0.03983       102       640    0.6746    0.6458    0.6124    0.2849   0.08179   0.04441   0.01711
     23/99     15.7G   0.03258  0.005075 0.0008051   0.03846        77       640    0.6997    0.6606    0.6333    0.2967   0.08156   0.04416   0.01684
     24/99     15.7G    0.0325  0.005002 0.0007714   0.03827        98       640    0.7214     0.672    0.6474    0.3069   0.08069   0.04456   0.01655
     25/99     15.7G   0.03192  0.004943 0.0007237   0.03759        93       640    0.7128    0.6751    0.6454    0.3075   0.08045   0.04455    0.0162
     26/99     15.7G   0.03164  0.004922 0.0006671   0.03723       116       640    0.7341    0.6766    0.6592    0.3148   0.08013   0.04497   0.01577
     27/99     15.7G    0.0319  0.004971 0.0006747   0.03755        80       640    0.7341    0.6805     0.663    0.3155    0.0804   0.04483   0.01566
     28/99     15.7G   0.03137   0.00491 0.0006789   0.03696        99       640    0.7261    0.6892    0.6639     0.316   0.08028   0.04478   0.01571
     29/99     15.7G   0.03103   0.00483 0.0005896   0.03645        83       640     0.734     0.695    0.6725    0.3205   0.08008   0.04513   0.01563
     30/99     15.7G   0.03008  0.004786 0.0004922   0.03536        82       640    0.7421    0.6892    0.6724    0.3222   0.07996   0.04534   0.01557
     31/99     15.7G   0.03088   0.00482 0.0006117   0.03631        67       640    0.7397    0.6926    0.6754    0.3232   0.08013   0.04521   0.01534
     32/99     15.7G   0.03153  0.004838  0.000726    0.0371        56       640    0.7328    0.6909    0.6708      0.32   0.08047   0.04531   0.01517
     33/99     15.7G   0.03071  0.004798 0.0006149   0.03612        89       640    0.7287     0.685    0.6633    0.3158    0.0804   0.04546   0.01521
     34/99     15.7G   0.02963  0.004698 0.0005421   0.03487        84       640    0.7308    0.6863    0.6661    0.3179   0.08015   0.04556   0.01501
     35/99     15.7G   0.02927  0.004667 0.0004709   0.03441        89       640    0.7349    0.6888    0.6699    0.3205   0.07991    0.0458   0.01486
     36/99     15.7G   0.02941  0.004765 0.0004466   0.03462        66       640    0.7282    0.6955    0.6715    0.3225   0.07979    0.0458   0.01476
     37/99     15.7G   0.02933  0.004688  0.000444   0.03446        91       640     0.735    0.6936    0.6738    0.3249   0.07979   0.04576   0.01469
     38/99     15.7G   0.02826  0.004604   0.00034    0.0332        95       640    0.7394    0.6929    0.6752    0.3265   0.07975   0.04571   0.01465
     39/99     15.7G     0.028  0.004584  0.000336   0.03292        77       640    0.7444    0.6928    0.6777     0.328   0.07965   0.04569   0.01459
     40/99     15.7G   0.02738  0.004561 0.0003419   0.03228        87       640    0.7427    0.6971     0.679    0.3298   0.07953   0.04573   0.01457
     41/99     15.7G   0.02722  0.004544 0.0003191   0.03208        74       640    0.7352    0.7053    0.6803    0.3316   0.07939   0.04581   0.01453
     42/99     15.7G   0.02721  0.004525 0.0003455   0.03208        78       640    0.7484    0.6998    0.6828    0.3337   0.07929   0.04589   0.01446
     43/99     15.7G   0.02684  0.004508 0.0003073   0.03166        87       640    0.7546     0.699    0.6855    0.3358   0.07919   0.04595   0.01439
     44/99     15.7G   0.02718  0.004496 0.0003674   0.03204       104       640    0.7517    0.7039    0.6875    0.3372   0.07909   0.04602   0.01434
     45/99     15.7G   0.02661  0.004468 0.0003273    0.0314        79       640    0.7525    0.7063    0.6897     0.339     0.079   0.04608   0.01431
     46/99     15.7G   0.02664  0.004447 0.0003101   0.03139        98       640    0.7571    0.7055    0.6915    0.3406   0.07891   0.04615   0.01428
     47/99     15.7G   0.02651  0.004453 0.0002657   0.03123       120       640    0.7574    0.7071    0.6937    0.3423   0.07882   0.04621   0.01424
     48/99     15.7G   0.02605  0.004428 0.0002608   0.03074        88       640    0.7619    0.7072    0.6965    0.3442   0.07873   0.04633    0.0142
     49/99     15.7G   0.02598   0.00448 0.0002502   0.03071        94       640    0.7619    0.7095    0.6995    0.3464   0.07865   0.04643   0.01414
     50/99     15.7G    0.0253  0.004387 0.0002751   0.02996        73       640     0.765    0.7095    0.7009    0.3475   0.07854   0.04655    0.0141
     51/99     15.7G   0.02516  0.004353 0.0002535   0.02977       113       640    0.7664    0.7105    0.7028    0.3496   0.07844   0.04668   0.01406
     52/99     15.7G    0.0252  0.004363 0.0002452   0.02981        83       640    0.7661    0.7131    0.7047    0.3509   0.07835    0.0468   0.01404
     53/99     15.7G   0.02482  0.004327 0.0002353   0.02938       116       640    0.7625    0.7184    0.7066    0.3521   0.07828   0.04691   0.01403
     54/99     15.7G   0.02466  0.004322 0.0002079   0.02919        98       640    0.7612    0.7212    0.7072    0.3529   0.07821   0.04705   0.01402
     55/99     15.7G   0.02501  0.004337 0.0002713   0.02962        86       640    0.7609    0.7228    0.7085    0.3541   0.07814    0.0472   0.01399
     56/99     15.7G   0.02472  0.004325 0.0002671   0.02931        61       640    0.7634    0.7239    0.7104    0.3555   0.07808   0.04732   0.01396
     57/99     15.7G    0.0247  0.004296 0.0002456   0.02924       104       640    0.7673    0.7243    0.7124    0.3569   0.07801   0.04744   0.01392
     58/99     15.7G   0.02446   0.00428 0.0002283   0.02897       113       640    0.7701    0.7253    0.7147     0.358   0.07794   0.04758   0.01385
     59/99     15.7G    0.0239   0.00424 0.0001856   0.02833        84       640    0.7769    0.7228    0.7167     0.359   0.07787   0.04771   0.01382
     60/99     15.7G   0.02381  0.004239  0.000207   0.02826        90       640     0.773    0.7299    0.7191    0.3601    0.0778   0.04787   0.01378
     61/99     15.7G   0.02388  0.004223 0.0001929   0.02829       100       640     0.779    0.7296    0.7216    0.3617   0.07773   0.04799   0.01373
     62/99     15.7G    0.0239  0.004221 0.0001943   0.02831        80       640    0.7817    0.7305    0.7231    0.3625   0.07767   0.04812   0.01366
     63/99     15.7G    0.0235  0.004194 0.0001842   0.02788        73       640    0.7848      0.73    0.7242    0.3636    0.0776   0.04828    0.0136
     64/99     15.7G   0.02315  0.004193 0.0001871   0.02753        99       640    0.7879    0.7288    0.7253     0.364   0.07751   0.04846   0.01357
     65/99     15.7G   0.02323  0.004186 0.0001851   0.02761        65       640    0.7855    0.7349    0.7271    0.3651   0.07742   0.04863   0.01352
     66/99     15.7G   0.02313   0.00418 0.0001821   0.02749       106       640     0.786    0.7376     0.729    0.3661   0.07734   0.04882   0.01346
     67/99     15.7G   0.02362  0.004202  0.000201   0.02802       104       640    0.7867    0.7395    0.7302    0.3671   0.07726   0.04899   0.01341
     68/99     15.7G   0.02321  0.004161  0.000159   0.02753        69       640    0.7875    0.7403     0.731     0.368   0.07719   0.04914   0.01337
     69/99     15.7G   0.02328  0.004175 0.0001917   0.02764        90       640     0.792    0.7388    0.7328     0.369    0.0771   0.04928   0.01333
     70/99     15.7G   0.02301  0.004135 0.0001642   0.02731        82       640    0.7932    0.7399    0.7338    0.3697   0.07701   0.04942   0.01329
     71/99     15.7G   0.02283  0.004148 0.0001727   0.02715        78       640    0.7954    0.7403    0.7355    0.3708   0.07691   0.04956   0.01326
     72/99     15.7G   0.02308   0.00413 0.0001642   0.02737        77       640    0.7949    0.7429    0.7368    0.3716   0.07683    0.0497   0.01321
     73/99     15.7G   0.02264  0.004139 0.0001352   0.02691       100       640    0.7969    0.7444    0.7389    0.3726   0.07672    0.0499   0.01317
     74/99     15.7G   0.02292  0.004124 0.0001578   0.02721        85       640    0.8021    0.7424    0.7404    0.3734   0.07663   0.05004   0.01314
     75/99     15.7G   0.02254  0.004098  0.000146   0.02678       106       640    0.8011    0.7453    0.7416    0.3741   0.07653   0.05023    0.0131
     76/99     15.7G   0.02212   0.00409 0.0001425   0.02636        85       640    0.7953    0.7526    0.7423    0.3747   0.07644   0.05038   0.01308
     77/99     15.7G   0.02222  0.004075 0.0001521   0.02645        81       640    0.7979    0.7529    0.7436    0.3759   0.07633   0.05055   0.01305
     78/99     15.7G   0.02216  0.004104 0.0001641   0.02642        61       640    0.8006    0.7534    0.7449    0.3766   0.07625    0.0507   0.01304
     79/99     15.7G   0.02204   0.00408 0.0001527   0.02627       103       640    0.8015    0.7544    0.7464    0.3774   0.07615   0.05084   0.01303
     80/99     15.7G   0.02187  0.004069 0.0001457   0.02609        86       640    0.8033    0.7554    0.7479    0.3784   0.07604   0.05102   0.01301
     81/99     15.7G   0.02154  0.004045 0.0001365   0.02572       109       640    0.8072    0.7547    0.7496    0.3795   0.07594   0.05116   0.01299
     82/99     15.7G   0.02176  0.004041  0.000136   0.02594        76       640    0.8113    0.7534     0.751    0.3804   0.07583   0.05128   0.01296
     83/99     15.7G   0.02129   0.00404 0.0001297   0.02546        86       640     0.813    0.7544    0.7523    0.3812   0.07572   0.05142   0.01296
     84/99     15.7G   0.02121  0.004026 0.0001236   0.02536       113       640    0.8057    0.7628    0.7535     0.382   0.07562   0.05157   0.01294
     85/99     15.7G    0.0211  0.004015 0.0001135   0.02522       105       640    0.8085    0.7625    0.7543    0.3827   0.07551   0.05174   0.01292
     86/99     15.7G   0.02127  0.004024 0.0001106   0.02541       120       640    0.8111    0.7633    0.7553    0.3833   0.07542   0.05191   0.01291
     87/99     15.7G   0.02126  0.004023 0.0001365   0.02542        71       640    0.8142     0.763    0.7567     0.384   0.07532   0.05209    0.0129
     88/99     15.7G   0.02106  0.004008 0.0001173   0.02519        74       640    0.8123    0.7675    0.7577    0.3848    0.0752   0.05229   0.01289
     89/99     15.7G   0.02054  0.003995 0.0001121   0.02465       106       640    0.8129    0.7688    0.7583    0.3853    0.0751   0.05244    0.0129
     90/99     15.7G   0.02088   0.00399 0.0001205   0.02499        76       640    0.8106    0.7718    0.7591     0.386     0.075   0.05261   0.01292
     91/99     15.7G   0.02047  0.003971 0.0001066   0.02455        95       640      0.82    0.7656    0.7601    0.3864    0.0749   0.05277   0.01294
     92/99     15.7G    0.0202  0.003949 0.0001062   0.02425        84       640    0.8184     0.769    0.7606    0.3867   0.07482   0.05291   0.01296
     93/99     15.7G   0.02008  0.003932 0.0001066   0.02412       109       640    0.8171    0.7725    0.7618    0.3873   0.07472    0.0531   0.01297
     94/99     15.7G   0.02007  0.003954 0.0001076   0.02413        57       640    0.8185    0.7731    0.7623    0.3876   0.07464   0.05325   0.01299
     95/99     15.7G   0.01993  0.003917 0.0001071   0.02395        96       640    0.8137    0.7787    0.7629    0.3883   0.07454   0.05343   0.01302
     96/99     15.7G   0.01955  0.003896 0.0001035   0.02355        79       640    0.8142    0.7803     0.764    0.3889   0.07445   0.05359   0.01303
     97/99     15.7G   0.01953  0.003881 9.573e-05   0.02351        85       640    0.8141    0.7806    0.7642    0.3893   0.07435   0.05379   0.01306
     98/99     15.7G   0.01953  0.003871 0.0001028    0.0235        95       640    0.8228    0.7749     0.765    0.3896   0.07426   0.05397   0.01308
     99/99     15.7G   0.01916  0.003866  9.36e-05   0.02312       101       640    0.8198    0.7787    0.7658    0.3901   0.07417   0.05415    0.0131
