      0/99     15.3G   0.05034  0.008001  0.008419   0.06676        50       640    0.2607    0.1236    0.1093   0.04074    0.1224   0.02903   0.02532
      1/99     15.5G   0.04524  0.006111  0.005611   0.05696        50       640    0.2384    0.2266   0.09378   0.02805    0.1235   0.02229    0.1255
      2/99     15.5G   0.04997  0.005539  0.007165   0.06267        50       640    0.3145    0.1413   0.09937   0.02248    0.1184   0.03033    0.0284
      3/99     15.5G   0.05375  0.005928  0.008896   0.06857        50       640   0.09117    0.1454   0.04319   0.01132    0.1166   0.02767   0.03752
      4/99     15.5G    0.0518  0.005581   0.01005   0.06743        50       640   0.09714    0.2062   0.05348   0.01547     0.106   0.04195    0.0262
      5/99     15.5G   0.05221  0.005807   0.01022   0.06823        50       640    0.1435    0.2081   0.09542   0.03183    0.1093   0.03114   0.04058
      6/99     15.5G   0.05191  0.005827   0.00997   0.06771        50       640    0.1341    0.2493   0.07385   0.02298     0.108   0.03984   0.03578
      7/99     15.5G    0.0486  0.005841   0.01016    0.0646        50       640    0.1711    0.2774   0.09713   0.03326    0.1049    0.0402    0.0306
      8/99     15.5G   0.05101  0.005895  0.009174   0.06608        50       640    0.1766    0.2327    0.1154   0.04345    0.1035   0.03994   0.03635
      9/99     15.5G   0.04926  0.005947  0.008605   0.06381        50       640    0.1302    0.3801    0.1065   0.04166    0.1002   0.04302      0.03
     10/99     15.5G    0.0472   0.00588  0.007953   0.06103        50       640    0.1841    0.3621     0.134   0.05323    0.1004   0.04174   0.02919
     11/99     15.5G   0.04772  0.006026  0.007375   0.06112        50       640    0.1802    0.2581    0.1299   0.05002   0.09988   0.04076   0.03274
     12/99     15.5G   0.04697  0.006016  0.007077   0.06006        50       640    0.2102    0.3165     0.156   0.06213   0.09869   0.04199   0.03279
     13/99     15.5G   0.04677   0.00599  0.006202   0.05896        50       640     0.195     0.414    0.1619   0.06154    0.1008   0.04115   0.04994
     14/99     15.5G   0.04678  0.006154  0.006133   0.05907        50       640     0.287    0.2638    0.1881   0.07336   0.09786   0.04146   0.03842
     15/99     15.5G   0.04664  0.006082  0.005835   0.05855        50       640    0.2048    0.3471    0.1777   0.07427   0.09697   0.04028    0.0364
     16/99     15.5G    0.0454  0.006053  0.005188   0.05664        50       640    0.2311    0.3375    0.1916   0.07836   0.09767   0.04027   0.03328
     17/99     15.5G   0.04352  0.005977  0.005079   0.05458        50       640    0.2048    0.3394    0.1593   0.06466   0.09642   0.04337   0.03511
     18/99     15.5G   0.04499  0.005955  0.004957    0.0559        50       640    0.2408    0.3392     0.206    0.0852   0.09634   0.04153   0.03352
     19/99     15.5G   0.04464  0.005867  0.004895    0.0554        50       640    0.2483    0.3273    0.2256   0.09221   0.09378   0.04228   0.03362
     20/99     15.5G   0.04453  0.005759  0.004862   0.05515        50       640    0.2489    0.2956    0.1816   0.05784   0.09731   0.04094   0.03328
     21/99     15.5G   0.04463  0.005741  0.004685   0.05505        50       640    0.2323    0.3404    0.2006   0.08149   0.09524   0.04156   0.03589
     22/99     15.5G   0.04401  0.005723  0.004245   0.05398        50       640    0.2594    0.3364    0.2242   0.08879   0.09464   0.04198   0.03371
     23/99     15.5G   0.04329  0.005755  0.004048    0.0531        50       640     0.263    0.3558    0.2239   0.08917   0.09365   0.04317   0.03409
     24/99     15.5G   0.04266  0.005788  0.003706   0.05216        50       640    0.2711    0.3619    0.2316   0.09139   0.09291   0.04365   0.03395
