      0/49      2.1G   0.06018  0.008451   0.01129   0.07992        91       640    0.4369    0.1419   0.05582  0.008687      0.12   0.02914   0.01674
      1/49     15.1G   0.04613  0.006224  0.005889   0.05824        75       640    0.2295    0.3365    0.1617   0.02831    0.1128   0.03236   0.01806
      2/49     15.1G   0.04581  0.005952  0.005313   0.05708        74       640    0.3463    0.4804    0.3362   0.07866    0.1051   0.03245   0.02206
      3/49     15.1G   0.04789  0.006002  0.006537   0.06042       109       640    0.3014     0.367    0.2071   0.04326    0.1011   0.03142   0.02508
      4/49     15.1G   0.04711  0.005912  0.006638   0.05966        92       640    0.5092    0.4632    0.3583    0.1012    0.0974   0.03152   0.02065
      5/49     15.1G   0.04478  0.005708  0.004554   0.05504       111       640    0.5031    0.5124    0.4054    0.1462   0.09141   0.03354   0.02158
      6/49     15.1G   0.04374  0.005983  0.003642   0.05337        82       640    0.5659    0.5566    0.4627    0.1871   0.09019   0.03172   0.02156
      7/49     15.1G   0.04361  0.005719  0.003531   0.05286        80       640     0.518    0.5507    0.4601    0.1859   0.09362   0.03308   0.02382
      8/49     15.1G   0.04198  0.005742  0.002708   0.05043       106       640    0.6145    0.5775    0.5347     0.235   0.08901   0.03271   0.02147
      9/49     15.1G   0.04082  0.005579  0.002464   0.04886        90       640    0.6667    0.6402    0.5845     0.267   0.09051   0.03064   0.02121
     10/49     15.1G   0.03934  0.005666  0.002317   0.04733        96       640    0.6476    0.6311    0.5721    0.2641   0.08778   0.03196   0.02048
     11/49     15.1G   0.03775  0.005554  0.002057   0.04536        87       640    0.6796    0.6395    0.5943    0.2807   0.08531   0.03312   0.01759
     12/49     15.1G   0.03877  0.005398  0.001816   0.04598        98       640    0.6755    0.6274     0.601     0.289   0.09011   0.03047   0.01623
     13/49     15.1G   0.03749  0.005454  0.001723   0.04466        75       640     0.677     0.638    0.6008    0.2949   0.08557   0.03235   0.02081
     14/49     15.1G   0.03661  0.005377  0.001498   0.04349       101       640    0.7089    0.6297    0.5968    0.2902   0.08861   0.03159   0.01636
     15/49     15.1G   0.03383  0.005368  0.001222   0.04042       107       640    0.7295    0.6543     0.628    0.3027   0.08612   0.03227   0.01513
     16/49     15.1G    0.0332  0.005261  0.001359   0.03982       111       640    0.7212    0.6597    0.6342    0.3112   0.08526   0.03325   0.01515
     17/49     15.1G     0.033  0.005176   0.00104   0.03922        97       640    0.7024    0.6587     0.641    0.3143   0.08563    0.0343   0.01434
     18/49     15.1G   0.03165  0.005144 0.0009554   0.03775        96       640    0.7315    0.6655     0.654    0.3226   0.08434   0.03447   0.01505
     19/49     15.1G   0.03146  0.005072 0.0008654    0.0374        72       640    0.7382    0.6687    0.6548    0.3222   0.08325   0.03555   0.01479
     20/49     15.1G   0.03093  0.004999  0.000789   0.03672        83       640    0.7441    0.6774    0.6735    0.3308   0.08453   0.03505    0.0148
     21/49     15.1G    0.0303  0.004932 0.0006238   0.03586        96       640    0.7497    0.6908    0.6771    0.3338   0.08422   0.03528   0.01339
     22/49     15.1G   0.02973  0.004865 0.0006082   0.03521       108       640    0.7497    0.6887    0.6751    0.3342   0.08363     0.036    0.0126
     23/49     15.1G   0.02979  0.004866 0.0005667   0.03522        93       640    0.7613    0.6952    0.6849    0.3374   0.08279   0.03718   0.01249
     24/49     15.1G   0.02942  0.004826 0.0005586   0.03481       100       640    0.7882    0.6959    0.6945    0.3454   0.08249   0.03717   0.01193
     25/49     15.1G   0.02877  0.004776 0.0004886   0.03404       136       640    0.7916    0.6984    0.7003    0.3497   0.08229   0.03719   0.01163
     26/49     15.1G   0.02887  0.004739  0.000544   0.03415        94       640    0.8079    0.6921    0.7034    0.3501   0.08281   0.03708   0.01165
     27/49     15.1G   0.02914  0.004918 0.0005337    0.0346       101       640    0.8108    0.6204    0.6881    0.3396   0.08709   0.03348   0.01122
     28/49     15.1G   0.02888  0.004853 0.0004722    0.0342        87       640    0.8292     0.696    0.7058    0.3475   0.08479   0.03347   0.01094
     29/49     15.1G   0.02752  0.004707 0.0003837   0.03261       103       640    0.8254    0.6903    0.7091    0.3487   0.08311   0.03464   0.01091
     30/49     15.1G   0.02727  0.004613 0.0003896   0.03227        98       640    0.8262    0.6903    0.7148    0.3535   0.08212   0.03578   0.01088
     31/49     15.1G   0.02715  0.004571 0.0003562   0.03208        97       640    0.8254    0.7008    0.7181    0.3548    0.0817   0.03646   0.01084
     32/49     15.1G   0.02666  0.004559 0.0003896   0.03161        87       640     0.822    0.7102    0.7195    0.3542   0.08136   0.03709   0.01078
     33/49     15.1G   0.02619  0.004517 0.0003225   0.03103        95       640     0.821    0.7146    0.7195    0.3545   0.08092   0.03769   0.01069
     34/49     15.1G    0.0262  0.004491  0.000317   0.03101       117       640    0.8259     0.715    0.7205    0.3552   0.08054   0.03806   0.01066
     35/49     15.1G   0.02626  0.004493 0.0003137   0.03107       109       640    0.8309    0.7143    0.7208    0.3562   0.08035   0.03826   0.01064
     36/49     15.1G   0.02541  0.004451 0.0003216   0.03018       110       640    0.8239    0.7214    0.7219    0.3575   0.08021   0.03841   0.01063
     37/49     15.1G   0.02529  0.004441 0.0003371   0.03007       106       640    0.8281    0.7189    0.7222    0.3573   0.08003   0.03859   0.01063
     38/49     15.1G   0.02565  0.004448 0.0004606   0.03056       100       640    0.8232    0.7223    0.7215    0.3569   0.07988   0.03877   0.01061
     39/49     15.1G    0.0256  0.004456 0.0002969   0.03035        95       640    0.8276    0.7176    0.7201    0.3558   0.07985   0.03894   0.01059
     40/49     15.1G   0.02543  0.004458  0.000294   0.03019        93       640     0.825    0.7196    0.7205    0.3556   0.07977   0.03907   0.01056
     41/49     15.1G   0.02524  0.004452 0.0002775   0.02997       109       640    0.8246    0.7201     0.721    0.3559   0.07965   0.03922   0.01055
     42/49     15.1G   0.02471  0.004438 0.0002634   0.02941        85       640    0.8255    0.7197    0.7212    0.3564   0.07953   0.03935   0.01053
     43/49     15.1G   0.02476   0.00442 0.0002416   0.02942        91       640    0.8257    0.7203    0.7218    0.3568   0.07945   0.03945   0.01052
     44/49     15.1G   0.02427  0.004433 0.0002323   0.02893       119       640    0.8239    0.7213    0.7217    0.3569   0.07934   0.03955    0.0105
     45/49     15.1G   0.02415  0.004393 0.0002097   0.02875        93       640    0.8259    0.7205    0.7225    0.3575   0.07923   0.03965   0.01048
     46/49     15.1G   0.02369  0.004392 0.0002157    0.0283        82       640    0.8249    0.7224    0.7237    0.3581    0.0791   0.03974   0.01047
     47/49     15.1G   0.02335  0.004375 0.0001964   0.02792        91       640    0.8285    0.7202    0.7239    0.3584   0.07901   0.03981   0.01045
     48/49     15.1G   0.02341  0.004365 0.0001968   0.02797       101       640    0.8282    0.7209    0.7249    0.3587   0.07891   0.03988   0.01044
     49/49     15.1G   0.02332  0.004354 0.0001953   0.02787       102       640    0.8265    0.7231    0.7255    0.3594   0.07882   0.03995   0.01042
