      0/49     15.1G   0.05492   0.00787   0.01039   0.07319        78       640    0.3981   0.07872   0.03487  0.005087    0.1215   0.02722   0.02107
      1/49     15.3G   0.04536  0.005918  0.006427    0.0577       106       640    0.1901     0.347    0.1432   0.02384     0.106   0.04202   0.01814
      2/49     15.7G   0.04806   0.00563  0.006477   0.06016        93       640    0.2971    0.2561    0.1671   0.03547    0.1134   0.03366   0.02396
      3/49     15.7G   0.04982  0.005299  0.007981    0.0631        81       640    0.4816     0.424    0.3482   0.09301    0.1035   0.03521   0.02364
      4/49     15.7G   0.05035  0.005405  0.007115   0.06287        63       640    0.5908    0.4494    0.4067    0.1263    0.1017    0.0352   0.02135
      5/49     15.7G   0.04891  0.005415  0.005882   0.06021        81       640    0.5538    0.4829    0.4142    0.1628   0.09435   0.04034   0.02434
      6/49     15.7G   0.04722  0.005667  0.005347   0.05823        76       640    0.4796    0.5173    0.4039     0.157   0.09429   0.03709   0.02275
      7/49     15.7G   0.04579  0.005622  0.004563   0.05598        66       640    0.5852    0.5443    0.5013    0.2111   0.09161   0.03646   0.02413
      8/49     15.7G    0.0447  0.005595  0.003726   0.05402       101       640    0.6242    0.5399    0.5142     0.218   0.09106   0.03857   0.02528
      9/49     15.7G   0.04366  0.005539   0.00331   0.05251        80       640    0.6252      0.57    0.5483    0.2352   0.08893   0.03929   0.02158
     10/49     15.7G   0.04357  0.005522   0.00285   0.05194        78       640    0.5894    0.5871    0.5252    0.2282   0.08871   0.04066   0.02064
     11/49     15.7G   0.04177  0.005588  0.002545    0.0499        86       640    0.6559    0.5865    0.5619    0.2573   0.08658    0.0425   0.02249
     12/49     15.7G   0.04013  0.005652  0.002237   0.04802        96       640    0.6336    0.5966    0.5659    0.2665   0.08439   0.04599   0.02382
     13/49     15.7G   0.03882  0.005549  0.002093   0.04646        99       640    0.6494    0.5924     0.559    0.2588   0.08411   0.04614   0.02305
     14/49     15.7G   0.03848  0.005462   0.00178   0.04572       108       640    0.6915    0.5958    0.6029    0.2775   0.08541   0.04457   0.02106
     15/49     15.7G   0.03747  0.005367  0.001462    0.0443        85       640    0.7108    0.6126    0.6178    0.2874   0.08313   0.04552   0.02095
     16/49     15.7G   0.03785  0.005287  0.001631   0.04477        95       640    0.6635    0.6121    0.6099    0.2842   0.08507   0.04341   0.02002
     17/49     15.7G    0.0363    0.0053  0.001242   0.04284       100       640    0.7061    0.6082    0.6275    0.2903   0.08306   0.04565   0.01889
     18/49     15.7G   0.03581  0.005247  0.001165   0.04222        94       640    0.6911    0.6362    0.6375    0.2919   0.08345   0.04343   0.01934
     19/49     15.7G   0.03458  0.005219  0.001057   0.04086        90       640    0.6844    0.6611    0.6447    0.2964   0.08087   0.04629   0.01657
     20/49     15.7G    0.0341  0.005157 0.0009115   0.04017        86       640    0.6909    0.6445    0.6341      0.29   0.08168     0.046   0.01813
     21/49     15.7G   0.03307   0.00508 0.0008638   0.03901        97       640    0.6634    0.6746    0.6361    0.2911   0.08145   0.04541   0.01778
     22/49     15.7G   0.03271  0.005025 0.0007543   0.03849       102       640    0.6768    0.6774    0.6421    0.2937   0.08164   0.04466   0.01834
     23/49     15.7G   0.03215  0.004969 0.0006722   0.03779        77       640    0.6944    0.6802    0.6519    0.3005   0.08185   0.04377   0.01722
     24/49     15.7G   0.03163  0.004941 0.0006265    0.0372        98       640    0.7063    0.6828    0.6571    0.3043   0.08159   0.04436   0.01746
     25/49     15.7G   0.03118  0.004898 0.0005646   0.03664        93       640    0.6951    0.6941    0.6572    0.3075   0.08092   0.04512   0.01731
     26/49     15.7G   0.03073  0.004889 0.0005833    0.0362       116       640    0.7118    0.6978    0.6697    0.3127    0.0806   0.04546   0.01684
     27/49     15.7G   0.03011    0.0048 0.0004852    0.0354        80       640    0.7187    0.6963    0.6716    0.3132   0.08029   0.04601    0.0167
     28/49     15.7G   0.02958  0.004758 0.0004851   0.03482        99       640    0.7226    0.6992    0.6767    0.3179   0.08015   0.04586   0.01629
     29/49     15.7G   0.02933  0.004713 0.0004538    0.0345        83       640    0.7355    0.6992    0.6809    0.3224   0.08009   0.04573   0.01629
     30/49     15.7G   0.02871  0.004669 0.0003738   0.03375        82       640    0.7381    0.7052    0.6847    0.3266   0.08007   0.04586   0.01654
     31/49     15.7G   0.02859  0.004642 0.0003969   0.03363        67       640    0.7484    0.7023     0.688    0.3312   0.07997   0.04581   0.01672
     32/49     15.7G   0.02846  0.004617 0.0003987   0.03347        56       640    0.7486    0.7039    0.6884    0.3319   0.07991   0.04581   0.01661
     33/49     15.7G   0.02807  0.004616 0.0003639   0.03305        89       640    0.7462    0.7085    0.6897    0.3337   0.07979    0.0459   0.01652
     34/49     15.7G    0.0275  0.004569 0.0003518   0.03242        84       640    0.7583    0.7019    0.6911    0.3359   0.07961   0.04612   0.01649
     35/49     15.7G    0.0277   0.00457  0.000362   0.03263        89       640    0.7613    0.7035    0.6932    0.3379   0.07951   0.04618   0.01639
     36/49     15.7G   0.02719  0.004532 0.0003304   0.03205        66       640    0.7606    0.7074    0.6957    0.3401   0.07941   0.04629   0.01637
     37/49     15.7G   0.02692  0.004505  0.000272    0.0317        91       640    0.7552    0.7149    0.6979    0.3423   0.07934   0.04632   0.01636
